20MIC|14.6,19.1,6.9,-3.1,-3.5|0.7,1.0,1.1,0.9,1.2
IINFO|21.2,-33.9,-59.4,-67.4,217.3|1.2,1.9,2.4,3.9,-4.1
BR3M|10.7,8.0,6.1,13.4,19.9|0,0,0,0,0
ARTI|17.4,17.7,18.7,20.3,0|0.2,0.2,0.3,0.4,0
ABAN|16.8,8.0,12.5,6.5,10.1|6.8,5.4,4.3,3.8,2.8
ABB|7.3,5.3,6.7,8.1,10.0|0,0,0,0,0.2
KNOL|22.1,22.4,25.2,24.4,23.4|0,0,0,0,0
ABGS|19.6,15.0,12.4,6.2,-15.7|0.9,0.7,0.9,0.7,2.1
ACC|18.6,14.4,14.0,14.1,7.0|0.1,0,0,0,0
ADEX|9.4,7.5,9.3,7.6,7.8|2.5,2.3,2.1,2.2,0.5
MNDRA|22.9,25.4,19.8,21.5,21.7|3.2,1.6,1.3,1.3,1.2
ADPL|-4.8,-53.5,-4.4,-22.7,6.6|4.9,7.7,5.1,6.1,4.8
ADMT|20.5,1.4,5.6,2.6,-45.2|2.6,2.0,2.2,1.2,3.4
IRYN|11.8,11.3,109.2,11.6,14.0|0.7,0.9,1.1,1.2,1.7
ADOR|11.9,9.3,-3.0,15.7,10.3|0,0,0.1,0,0
ADHT|6.1,7.2,8.2,6.8,10.6|0.1,0.2,0.3,0.4,0.4
ADIL|-5.5,2.3,10.5,7.2,11.2|0.9,0.9,0.8,0.7,0.6
AEGS|23.3,16.9,6.8,10.8,17.4|0.5,0.3,0.3,0.4,0.3
AFTEK|2.9,4.8,-6.2,-4.4,-1.5|0.3,0,0,0,0
TTEL|13.7,5.0,19.7,1.2,-367.0|0,0,0,0,0
ITAT|17.9,17.4,17.1,15.1,11.8|0,0,0,0,0
AHLU|22.4,-16.8,-34.9,9.6,19.0|0.1,0.1,0.2,0.1,0
AIAE|14.6,14.9,18.7,20.7,18.6|0,0.1,0,0,0
AJPH|25.9,28.5,39.4,36.8,34.2|0.3,0.2,0.1,0,0
SHPRC|9.7,4.0,4.1,6.4,9.7|0.5,0.6,0.8,0.6,0.4
AKSHO|-15.0,5.6,6.7,5.8,6.2|0.2,0,0,0.2,0.2
ICI|16.1,16.2,14.0,19.8,17.7|0,0,0,0,0
ALMC|6.5,-6.2,-6.2,5.6,12.8|0.2,0,0,0.1,0.1
APLL|32.9,32.9,34.9,32.0,44.9|0.2,0.1,0.1,0,0
ALBK|17.4,10.5,9.9,5.0,-5.0|0,0,0,0,0
ACGL|14.1,19.1,10.7,8.3,12.6|0.1,0.3,0.2,0.3,0.2
ADSL|15.3,7.8,1.4,-0.7,1.4|0,0,0,0,0
ALST|-6.5,-17.1,1.9,-31.4,-22.9|0,0,0,0,0
ALTE|5.0,11.2,3.3,8.5,7.1|3.2,2.6,3.0,2.9,2.3
ABBA|24.2,22.9,24.8,18.1,-8.5|0,0,0,0,0
ALSTM|18.5,9.2,9.4,9.2,5.8|0,0.1,0,0,0
AMAD|17.5,17.9,18.4,18.0,17.3|0,0,0,0.1,0.2
AMAR|26.1,27.1,27.0,24.2,23.3|0.1,0.1,0.1,0,0
ACTN|12.2,14.1,18.5,17.0,13.3|0.5,0.3,0.1,0,0
GACM|15.2,14.7,13.5,14.8,8.0|0,0,0,0,0
AATO|4.5,9.4,5.9,10.9,-15.8|0.9,1.1,1.6,1.5,1.5
ANRI|6.6,4.5,3.0,2.7,2.5|0,0.2,0.3,0.3,0.2
ANDBK|19.2,17.8,15.2,5.0,6.3|0,0,0,0,0
ADPE|-3.3,19.0,14.1,1.4,-13.5|0.9,0.7,0.2,0.1,0.1
AGEX|2.0,2.6,-13.8,-3.9,-12.4|0.4,0.2,0.4,0.5,0.6
ANSH|9.7,9.6,11.7,10.5,6.6|0.4,0.4,0.6,0.8,0.7
ANSAL|6.2,0.3,0.3,0.4,1.3|0.4,0.4,0.4,0.5,0.7
APAR|14.0,17.5,12.9,6.8,18.9|0.1,0.1,0.1,0.1,0.1
APMI|11.0,9.3,14.4,12.7,10.5|0.2,0.1,0.1,0,0
APLH|8.7,11.1,10.6,10.7,9.6|0.2,0.4,0.4,0.5,0.7
APLO|14.5,18.0,22.0,19.4,17.7|0.6,0.5,0.2,0.1,0.1
APTTR|16.4,22.9,9.2,13.2,7.0|0,0,0,0,0
AQUA|19.8,9.2,4.3,0.2,0|0,0,0,0,0
ARCHI|11.1,9.0,6.3,4.6,3.8|0,0,0,0,0
IIDF|11.0,14.7,11.0,13.9,-14.6|0.1,0.8,1.7,2.4,2.3
AIPL|25.0,-7.1,-18.2,0.5,1.6|0.6,0.7,2.3,2.1,1.9
ARMI|21.5,11.0,13.7,12.5,12.5|0.4,0.4,0.5,0.5,0.5
ASAHI|-46.9,-108.3,-19.4,14.9,24.6|5.3,6.8,1.7,2.9,1.9
ASON|13.3,20.6,19.6,8.6,11.2|0,0.1,0.1,0.1,0.1
ASHAP|198.3,9.7,-15.7,-174.3,25.3|-0.3,-0.3,-0.3,-0.5,-0.3
ASHG|29.0,12.4,7.7,8.9,20.1|0,0,0,0.1,0.1
ASOK|13.4,9.7,-4.1,3.0,21.4|0.5,0.6,1.4,1.4,1.5
ASHBL|12.1,8.0,7.7,6.0,3.1|1.4,2.1,2.3,2.6,2.1
ASEL|2.3,-0.6,-66.7,-942.3,576.6|0.7,0.8,0,0.1,0
ASHT|4.0,-3.6,6.9,-4.0,-6.6|1.1,1.3,0.8,0.9,1.1
ASPN|36.0,32.9,30.2,29.4,30.8|0,0,0,0,0
ASTM|12.8,19.4,18.5,21.1,21.5|0,0.1,0.1,0.1,0.1
ASTRAL|22.2,21.5,25.1,25.0,12.3|0.2,0.4,0.3,0.3,0.2
AIDL|39.9,35.7,10.4,-89.8,-0.3|0,0,0,0,0
ATLT|14.1,-2.5,-0.7,8.3,6.7|1.2,1.1,0.6,0.9,0.9
ATCY|3.0,2.8,2.2,-8.7,-19.5|0,0,0.1,0.1,0
ATAO|23.4,27.8,34.9,31.5,33.5|0.1,0,0,0,0
ATUL|13.9,15.9,23.1,23.2,21.1|0.2,0.2,0.1,0.1,0
APSL|13.9,11.0,9.7,10.0,-29.7|0.2,0.2,0,0,0.1
AUBD|-5.3,11.3,31.3,30.6,28.1|0.4,0.4,0.3,0.3,0.1
ASEG|13.8,13.0,5.9,6.3,5.3|0,0,0,0,0
AUCG|18.9,15.7,9.5,10.2,8.7|0,0,0,0,0
AUTOL|11.1,14.9,3.9,-14.1,-28.8|0.5,0.4,0.3,0.2,0.7
AUAX|23.6,16.6,4.5,6.2,3.5|0.1,0.1,0.1,0,0
AVFD|29.6,24.0,39.2,43.7,41.0|0.2,0.1,0.1,0,0
UTIB|18.6,15.8,16.4,16.6,15.6|0,0,0,0,0
BAJAU|50.1,38.8,33.2,27.3,29.0|0,0,0,0,0
BAJCL|22.3,28.1,34.4,28.7,35.3|0,0,0,0,0
BJEL|16.8,7.0,-0.7,-2.0,12.7|0.1,0,0.2,0.2,0.1
BJFN|18.2,20.0,17.6,18.0,18.7|2.1,3.2,2.2,2.6,3.8
BAFIN|26.2,20.2,16.6,15.4,13.9|1.3,0.9,1.1,1.6,1.8
BJHN|1.3,0.7,-8.0,-68.6,-78.4|1.9,1.3,0.4,1.1,4.7
BALAJI|5.2,3.6,-4.5,1.5,0.5|0,0,0,0,0
BLKH|24.2,24.2,25.0,20.8,20.7|0.8,1.1,0.9,0.6,0.3
BILT|8.0,3.1,2.1,1.4,-0.7|1.0,0.6,0.9,1.0,1.0
BALW|19.6,19.4,19.2,15.9,14.6|0.2,0.2,0.1,0.1,0.1
CHINI|12.6,0,12.3,0.7,-5.1|0.1,0.4,0.2,0.4,0.4
BPRD|18.6,18.1,13.0,15.3,14.1|0,0.2,0.1,0,0
BOB|18.4,14.4,13.2,9.3,-11.9|0,0,0,0,0
BOI|12.7,11.5,9.7,6.2,-8.6|0,0,0,0,0
BKMAH|10.5,13.2,5.8,5.7,1.3|0,0,0,0,0
BAAN|7.3,13.0,15.1,3.0,0.1|0.1,0.1,0,0.3,0.3
BASX|26.6,29.3,8.6,6.5,12.2|2.4,1.9,1.8,1.6,1.4
BART|20.5,18.6,-15.4,-21.0,-37.7|0.9,0.6,0.1,0,0
BASF|36.8,12.2,9.6,10.0,10.2|0,0,0,0.2,0.6
BATA|45.2,24.6,22.7,22.7,18.5|0,0,0,0,0
BTBL|4.5,-0.9,4.5,-4.8,-27.3|0.3,0.4,0.3,0.3,0.5
BAYR|17.5,60.2,16.6,18.8,17.1|0,0,0,0,0
BEML|6.9,2.6,-4.0,0.3,0.3|0.1,0.1,0.2,0.2,0.2
BRGR|22.7,22.9,22.3,21.0,25.0|0.2,0.2,0.1,0.2,0.1
BFUL|78.8,27.0,21.2,18.6,-26.9|-11.7,-8.9,-8.2,-6.6,-8.0
BGRE|33.9,20.1,13.3,7.4,2.3|0,0,0,0,0.3
BYNG|4.4,0.2,1.6,1.5,1.0|0.2,0.4,0.3,0.4,0.3
BHBJ|26.1,16.8,-1.6,-3.8,-12.8|0,0,0,0,0
BHEC|17.1,14.6,14.0,13.2,14.7|0,0,0,0,0
BFRG|18.9,11.0,18.6,22.1,18.2|0.9,0.8,0.6,0.6,0.6
BSHIP|15.5,8.3,0,-76.0,475.7|2.2,2.7,2.8,5.5,-16.5
BTVL|8.4,4.5,4.6,8.4,8.4|1.0,1.1,0.9,0.7,0.8
BHIL|5.2,5.8,8.4,11.7,13.0|0.2,0.2,0.1,0.1,0.1
BHEL|27.9,21.9,10.6,4.2,-2.7|0,0,0.1,0.1,0.1
BHSN|17.3,12.9,9.9,0.7,-15.9|1.9,2.0,2.4,2.8,3.9
BIIN|13.8,13.8,10.5,3.0,-8.6|0.6,1.0,1.0,1.3,1.4
BINA|-11.9,-41.7,-113.0,229.1,62.6|4.3,8.7,18.4,-13.2,-4.8
BICN|14.9,18.9,13.7,15.2,22.1|0,0.1,0.2,0.2,0.5
BCORP|10.7,11.0,5.1,6.7,5.8|0.3,0.4,0.4,0.4,0.3
BERC|3.5,-7.1,-8.5,9.1,24.7|0.2,0,0,0,0.2
BLKS|8.9,-1.0,1.5,-18.3,-14.3|0.4,0.4,0.3,0.4,0.7
BLDE|18.7,29.3,19.1,42.1,46.5|0,0,0,1.1,0.9
BSTAR|-26.6,9.8,16.8,11.9,16.4|0,0,0,0.1,0
BDYN|1.9,3.3,4.5,1.7,1.6|0.4,0.3,0.3,0.4,0.6
BRFL|8.5,7.5,5.7,4.5,-19.7|0.7,0.5,0.4,0.5,1.1
MICO|23.7,17.2,14.1,18.2,15.5|0,0,0,0,0
BPCL|4.9,11.2,20.1,21.3,28.5|0.4,0.8,1.1,0.9,0.9
BRGD|4.7,10.7,4.9,5.1,6.9|0.6,0.6,0.6,0.7,0.6
BRIT|48.8,47.1,49.8,55.5,45.6|0.2,0,0,0,0
BSEL|-1.0,-84.2,-0.2,-9.2,-1.4|0,0,0,0,0
CCON|9.5,11.7,7.6,-23.9,-84.4|0.5,0.5,0.9,2.2,6.2
CADIL|25.2,22.2,23.4,27.1,28.4|0.5,0.5,0.4,0.3,0.2
CAIRN|16.4,25.3,21.6,7.6,-19.3|0,0,0,0,0
CNRA|19.8,14.5,11.8,8.7,8.8|0,0,0,0,0
FCH|8.6,6.6,12.7,6.6,4.5|0,0,0,0,0
CRBM|22.9,23.2,8.5,8.3,12.2|0.3,0.2,0.2,0.2,0.1
CARE|29.9,28.5,26.8,26.7,38.4|0,0,0,0,0
CPIL|8.8,10.1,9.3,2.9,1.7|0,0,0,0,0
AIDA|6.1,7.8,9.2,9.8,7.6|0.9,1.2,1.6,1.6,0.9
CAST|88.6,79.6,68.9,67.7,95.5|0,0,0,0,0
CHCM|11.0,2.7,4.9,2.8,2.8|0,0.1,0,0.1,0.1
CEAT|2.7,15.3,26.4,18.9,21.6|0.9,0.5,0.4,0.2,0.3
CENKA|1.4,3.3,9.0,5.1,7.9|0.2,0.1,0.1,0.1,0.1
CNPLY|24.6,16.9,21.6,20.6,38.3|0.4,0.9,0.8,0.6,0.2
CENT|12.2,1.2,-1.9,0.2,0.8|0.6,1.0,1.7,1.6,1.7
CESC|5.1,8.9,8.7,3.3,5.8|0.9,1.5,1.6,1.7,1.7
CHMBF|15.1,15.3,9.3,12.9,11.9|1.0,0.8,0.7,0.6,0.5
MDRF|13.6,1.6,-87.2,-17.6,-2.4|0.1,0.2,0.6,1.2,0.6
CHETI|41.7,-0.8,12.5,8.1,17.4|0.3,1.1,0.6,0.5,0.4
CHIF|11.6,8.0,12.0,15.8,16.1|8.2,5.3,5.1,4.3,4.3
CNMX|3.2,0.6,5.4,4.2,5.1|0.4,0.7,0.4,0.8,0.7
CIPL|15.0,17.1,13.8,10.9,12.7|0,0,0,0,0
CTUN|21.4,22.5,19.6,17.1,14.7|0,0,0,0,0
COLR|62.6,20.2,29.0,67.6,8.4|0,0,0,0,0
CMC|27.4,19.7,24.3,24.3,20.4|0,0,0,0,0
COIND|36.6,35.8,35.6,34.0,42.1|0,0,0,0,0
COLG|104.8,102.5,101.5,90.0,72.6|0,0,0,0,0
BECOM|35.6,2.8,6.0,9.1,1.4|0,0,0,0,0
CMPD|51.5,45.7,32.8,-0.1,-0.3|0.2,0.2,0.1,0.2,0.2
CCORP|17.7,15.6,15.0,13.8,14.0|0,0,0,0,0
CNPR|13.4,17.1,16.6,19.8,0|0,0,0,0,0
AKLN|19.0,18.0,12.7,-25.5,1,153.1|0.4,0.5,0.5,0.5,-7.1
CFRT|26.6,19.7,15.6,18.2,14.9|0.2,0.5,0.1,0,0
CRBK|19.7,18.2,15.0,5.6,5.4|0,0,0,0,0
CCLB|5.4,5.7,6.0,1.8,2.6|0.2,0.3,0.2,0.3,0.4
CAKIL|10.7,3.5,18.7,21.8,3.6|0.6,2.9,3.0,2.7,1.3
EDMR|-44.1,-39.8,-17.3,-1,756.3,96.4|0.7,0.2,0.1,2.8,-0.3
SRYS|-5.9,-0.5,0.7,5.2,10.3|0,0.1,0.1,0.1,0
CRISIL|41.7,44.2,26.7,31.6,33.3|0,0,0,0,0
CRGR|27.1,10.3,-1.0,6.7,5.5|0.1,0.2,0.4,0.4,0.5
CUMM|28.9,32.0,23.4,27.2,23.7|0,0,0,0,0
INTE|13.9,17.5,16.7,19.2,17.1|0,0,0,0,0
DBCL|31.2,21.8,21.2,26.7,24.6|0.2,0.1,0.1,0.1,0
DABR|37.6,36.4,34.4,31.8,30.1|0.4,0.3,0.1,0.1,0.1
DBEL|1.8,5.0,6.4,-0.3,0.1|0.6,0.5,1.0,1.1,2.4
DLCN|0.9,0.2,4.0,0.7,0.3|0.8,0.8,0.7,1.1,1.0
DBRL|9.1,2.6,0.1,0.3,0|0.1,0,0.1,0.1,0.2
DCBL|3.4,6.4,10.2,13.1,12.0|0,0,0,0,0
DCMC|6.3,-1.1,0.9,13.6,14.4|0.8,0.6,0.6,0.4,0.3
DECH|20.4,27.8,12.2,20.7,12.7|0.3,0.3,0.4,0.2,0.2
DEFR|17.9,17.7,17.4,10.1,16.5|0.5,0.6,0.4,0.6,0.4
ARWEB|26.8,6.7,3.8,4.6,-3.0|0.2,0.4,0.4,0.3,0.3
DEN|4.8,1.8,7.1,2.1,-8.4|0.1,0.2,0.5,0.2,0.2
DENA|16.7,17.9,14.1,7.7,3.6|0,0,0,0,0
DNSI|15.3,9.3,9.1,1.0,-52.7|0,0,0,0,0.5
DWHF|15.1,14.0,14.8,13.4,13.9|0,0,0,0,0
DHBN|5.3,3.1,-15.9,0.3,-34.2|0,0,0,0,0
GRFS|52.4,30.6,24.2,18.2,9.8|0,0,0,0,0
DISH|141.8,42.4,50.4,-1.0,181.9|-10.9,-5.4,-2.5,0,3.0
DHPH|9.1,6.1,9.7,9.3,9.7|0.5,0.6,0.4,0.3,0.3
DIVI|25.0,24.1,26.1,24.4,25.9|0,0,0,0,0
DLFL|6.7,4.7,2.8,2.4,2.0|0.7,0.7,0.6,0.5,0.6
ALCL|30.3,26.8,11.7,0.1,0.1|0.4,0.4,0.3,1.2,0.4
REDY|26.1,24.0,25.0,23.7,18.4|0.3,0.2,0.3,0.1,0.1
DGCR|2.9,1.0,1.5,2.6,4.2|0,0.2,0.5,0.9,0.6
DSKL|1.8,0.1,3.2,3.4,3.2|0.7,0.9,0.5,0.6,0.7
EID|12.9,8.5,3.2,5.2,0.6|0.6,0.8,0.6,0.5,0.5
ESILK|-17.5,-38.4,-82.9,614.4,53.2|0.2,1.6,3.6,-18.8,-5.8
EASUN|-3.5,-3.4,-1.8,-18.6,-25.4|0.3,0.4,0.5,0.6,0.3
ECEI|1.4,2.0,0.7,0.1,0.7|0,0,0,0,0
ECXS|46.6,39.1,43.4,32.1,33.4|0,0,0,0,0
EDWS|9.5,4.8,7.3,7.6,10.4|0.2,0.4,0.8,1.2,2.6
EDUCO|15.5,5.4,-4.9,-16.2,-284.2|0.5,0.4,0.5,1.3,5.3
ECHM|20.7,18.5,19.2,24.5,36.9|0,0,0,0,0
EIH|-0.2,4.7,1.6,4.1,2.4|0.3,0.1,0.1,0.1,0.1
EMEL|9.9,9.6,12.9,8.9,10.8|0,0,0,0,0
ELDER|10.2,10.3,10.7,10.7,-0.8|0.8,0.8,0.9,0.9,0.6
ELEG|13.3,3.3,2.6,3.1,6.8|0.4,0.3,0.3,0.3,0.3
ELETST|14.5,10.3,-1.6,-1.1,-0.7|0.6,0.4,0.5,0.5,0.7
ELEQ|19.0,13.9,9.8,9.7,11.7|0,0.5,0.5,0.3,0.3
HMNI|36.6,40.5,43.2,39.5,25.6|0.1,0,0,0,0.2
EMCO|-10.8,-3.0,-1.8,-0.9,-2.6|0.2,0.1,0.2,0.2,0.4
ENGS|33.9,27.5,19.1,11.9,9.6|0,0,0,0,0
ENIL|12.8,13.6,14.4,15.7,13.0|0,0,0,0,0
ERCN|19.4,12.8,8.4,5.9,-42.2|1.7,0.9,1.3,1.9,4.5
EIML|17.5,17.7,15.7,16.5,16.7|0,0.1,0.1,0.1,0.1
ESBI|30.9,22.4,16.0,12.4,8.2|0,0,0,0,0
ESCR|7.8,7.1,4.5,13.2,4.2|0.1,0.1,0.1,0.1,0.1
ESSDEE|38.1,16.9,9.0,8.9,5.8|0,0.1,0.1,0.2,0.2
ESRO|-7.1,-58.9,-106.7,5.1,39.0|3.3,5.6,13.1,5.8,3.9
ESSH|1.3,3.2,2.9,12.2,12.4|0.9,2.0,2.3,1.8,1.8
ESPK|8.0,5.8,5.8,8.6,15.3|0.9,0.6,0.5,0.6,0.9
EVER|-2.3,-17.4,0.9,2.3,7.8|0.3,0.3,0.1,0.1,0.1
ETEV|19.5,21.1,18.1,3.1,10.7|0.1,0.1,0.2,0.2,0.3
EKCL|9.3,0.6,-21.2,-26.5,-32.8|0.3,0.1,0.6,0.5,1.0
EVRON|12.8,-15.4,-125.9,-126.9,129.4|0.1,0.4,0.9,4.9,-4.7
EXCR|6.4,8.6,22.0,18.4,15.8|0.1,0.1,0,0,0
EXIDE|16.6,17.8,15.7,16.0,16.5|0,0,0,0,0
FCHT|-54.2,-34.6,12.2,184.6,58.0|0.8,1.5,1.5,-1.1,-0.4
FAG|24.1,18.1,12.3,13.8,15.3|0,0,0,0,0
AGRS|9.8,39.9,31.9,36.0,25.0|2.1,1.1,0.7,0.4,0.3
SCN|14.5,-1.6,-7.9,-4.7,-7.2|0.6,0.9,1.1,0,0
FDCL|28.3,24.5,19.3,19.8,16.0|0,0,0,0,0
GTZE|10.3,9.3,-1.6,6.2,8.4|0,0,0,0,0
FED|11.1,13.5,13.6,12.4,13.7|0,0,0,0,0
WRWDT|14.4,8.0,-8.8,15.7,12.5|0.2,0.2,0.3,0.7,0.7
FNCB|12.1,12.3,15.7,18.8,15.7|0.1,0.1,0.2,0.1,0
FNLX|22.5,12.3,11.4,18.9,21.5|0.3,0.3,0.3,0.2,0.3
FSRC|4.3,8.6,9.2,11.2,10.9|0.6,0.5,0.3,0.2,0.2
FLMT|-10.5,27.2,30.4,27.2,21.8|0,0,0,0,0
BJTM|17.5,72.1,1.2,6.3,7.7|0.4,0.1,0,0,0
FORTIS|3.8,3.8,2.2,13.5,2.9|2.0,0.3,1.1,1.3,0.4
FSCI|32.4,24.4,20.0,25.1,29.1|0.1,0.1,0.1,0,0
DBPH|-51.9,-13.4,9.1,8.6,12.0|0.7,1.5,0.2,0.2,0.1
FLFD|9.6,8.0,1.2,-3.4,3.0|0,0,0,0,0
FVIL|-2.0,-3.8,-2.9,-6.7,-0.9|0.1,0,0,0,0
PNTR|0.4,2.4,3.7,8.4,2.5|0.7,1.1,1.1,1.1,1.2
GESHIP|5.3,8.5,8.5,10.1,12.5|0.9,0.9,0.7,0.7,0.6
GABR|22.9,14.8,14.9,18.4,19.8|0.1,0.1,0,0,0
GAIL|17.8,15.2,14.7,9.3,6.4|0.4,0.5,0.5,0.4,0.4
GAMM|5.1,-4.9,-76.6,-278.7,224.9|1.7,2.1,5.6,30.7,-25.7
GNST|21.5,14.6,11.0,9.9,11.2|0,0,0,0,0
GATE|12.2,14.1,17.7,16.1,16.2|0.3,0.2,0.1,0.2,0.3
GACO|4.7,10.1,1.2,3.0,7.5|0.6,0.6,0.3,0.3,0.5
GCOMM|30.1,14.8,7.3,291.3,50.0|0.5,0.8,0.6,-1.4,-0.6
BVHD|37.4,24.1,25.3,-6.1,-173.5|0.9,0.6,0.5,0,0
GEOJIT|11.7,7.1,4.7,17.4,-16.9|0,0,0.1,0,0
GMSO|26.2,26.4,31.7,26.2,13.8|0,0,0,0,0
GJHC|-1.8,9.2,12.6,18.5,23.6|2.3,2.3,1.7,1.5,1.0
GCHS|17.3,24.4,11.9,15.4,16.0|0,0,0,0,0
ISHV|14.4,12.2,13.4,7.0,13.4|0,0,0,0,0
GGEM|9.1,14.0,15.7,15.7,0.8|0.2,0.1,0.2,0.2,0.2
GLPH|19.3,22.7,18.3,15.8,16.4|0.5,0.7,0.8,0.9,0.6
PARA|46.6,48.3,33.9,31.1,24.6|0.3,0.5,0.3,0.8,0.5
GMRI|-8.0,1.2,0.1,-45.4,-43.6|3.4,4.3,4.4,6.4,7.5
GDFR|20.6,19.4,16.1,14.8,14.0|0.2,0.2,0.2,0.1,0
GDCN|25.9,24.0,20.1,21.0,22.0|0.5,0.6,0.4,0.5,0.5
GDSP|12.3,12.6,11.9,12.5,13.9|0.5,0.3,0.4,0.5,0.5
GPL|6.8,9.7,8.9,10.3,10.7|0.1,0.3,0.2,0.3,0.3
GOEX|-24.5,-58.3,-88.3,-5.4,21.8|0,0,0,0.5,0.2
GOL|18.1,2.3,-4.0,-2.9,-8.7|2.1,1.9,2.7,2.7,2.5
GDRK|21.9,11.1,16.5,10.4,-6.8|0,0,0,0,0
GDYR|20.4,15.9,22.2,20.4,21.2|0,0,0,0,0
CNEV|12.8,7.9,7.4,3.3,3.5|0.1,0.1,0.1,0,0
GRSM|15.5,13.8,9.6,7.5,9.1|0.3,0.3,0.4,0.3,0.2
GRVS|25.0,29.9,20.2,15.1,10.2|0,0,0,0,0
GRNPY|15.5,7.5,15.6,25.2,20.1|1.5,0.9,0.7,0.5,0.5
GRNR|22.3,18.8,15.0,16.8,15.5|0,0,0,0,0
GRFN|28.8,31.2,29.7,29.1,28.6|0,0,0,0,0
SBCH|31.0,32.1,37.2,27.6,28.1|0,0,0,0,0
GLXO|22.1,28.0,24.2,25.8,21.9|0,0,0,0,0
GBTL|12.3,-37.1,-58.2,-52.0,1,679.8|2.1,3.3,3.3,2.1,-28.2
GUSP|26.4,21.3,17.7,12.3,12.9|0.6,0.4,0.4,0.3,0.2
GJAX|18.4,9.0,17.2,14.7,10.2|0,0,0,0,0
GAPL|20.2,17.6,11.8,12.3,48.1|0.1,0.1,0.1,0,0
GJPW|11.9,8.2,13.6,10.6,6.9|0.6,0.5,0.4,0.3,0.2
GMDC|22.5,23.8,23.7,15.3,15.4|0,0,0,0,0
GNFC|6.0,11.7,11.3,10.1,9.9|0.1,0.2,0.3,0.7,0.6
GJNC|6.0,-5.6,6.3,-45.6,-44.1|1.1,1.4,1.5,1.7,2.4
GALK|7.7,9.6,13.0,9.4,10.7|0.1,0.1,0.1,0.1,0
GJFU|14.2,28.7,17.3,5.6,13.8|0.1,0.3,0.4,0.4,0.3
GFOI|3.2,7.7,13.3,8.8,-2.1|1.0,0.8,0.9,0.8,1.1
GGAS|22.8,30.5,34.7,29.7,33.5|0,0,0,0,0
GSFC|26.5,21.5,13.1,8.2,9.0|0,0,0.1,0.1,0
GFCL|-4.5,12.4,4.5,4.6,6.0|0.1,0.1,0,1.6,1.1
GVKP|1.8,-10.7,-13.3,-43.1,-68.9|3.2,4.8,7.0,9.9,16.0
HTTL|23.4,17.6,6.3,-234.4,-589.0|0.9,1.0,0.7,6.9,8.1
HCDL|-6.1,1.9,-11.6,-14.9,-15.6|0.3,0.8,1.1,0.7,1.2
HAVL|38.7,40.3,26.8,21.2,47.3|0.5,0.5,0.4,0.1,0
HAWK|58.3,62.3,68.5,54.5,66.1|0.2,0.2,0,0.2,0.3
HCLI|8.8,3.8,-4.4,-14.9,-14.7|0.1,0.1,0.3,0.3,0.2
HTECH|21.5,24.6,30.7,33.3,30.2|0.2,0.1,0.1,0,0
HDFC|22.6,20.8,21.2,19.4,20.0|0,0,0,0,0
HDBK|17.4,18.7,19.8,16.9,17.2|0,0,0,0,0
HEGL|13.3,6.7,10.6,8.1,3.6|0.2,0.4,0.4,0.2,0.2
MYCM|8.1,3.6,3.6,-4.9,6.8|0,1.0,1.2,1.6,1.1
HEMAT|13.1,8.2,7.6,9.8,14.8|0.8,0.9,0.8,0.6,0.5
HERH|22.4,17.8,11.4,7.0,7.1|0,0,0,0,0
HRFO|9.9,35.3,25.3,14.7,23.1|0.8,0.3,0.2,0.3,0.3
HROH|55.4,42.3,37.4,36.2,38.9|0,0,0,0,0
APTE|26.3,27.2,31.6,24.8,27.4|0,0,0,0,0
HYDI|17.0,17.7,15.7,1.8,15.3|0.1,0.1,0.1,0.1,0.1
HFCM|-7.8,-157.6,57.1,74.9,33.8|-1.7,5.1,2.1,0.3,0.2
HMTS|2.2,-3.2,5.8,9.0,8.5|1.5,0.8,0.7,0.7,0.5
HNGL|14.6,5.1,4.0,-20.4,-26.9|0.4,0.3,1.7,2.2,2.8
HCNS|-69.7,-93.6,-49.9,-30.4,-45.3|6.8,15.3,14.8,15.7,10.2
HLL|75.8,133.7,111.5,108.5,102.8|0,0,0,0,0
HOEX|4.0,6.9,2.8,-83.4,-23.1|0.5,0.4,0.4,1.2,1.3
HALC|10.6,8.6,5.4,2.2,0.1|1.2,1.4,1.3,1.4,1.5
HDFN|12.9,13.7,9.8,0,2.4|0.1,0.1,0.8,0.8,1.0
HNCP|23.1,21.5,15.7,3.6,2.3|0,0,0,0,0.1
HMVL|14.1,15.1,16.6,18.3,19.1|0,0,0,0,0
HNMT|-74.3,-105.6,223.2,5.8,68.2|0.9,1.0,0,0,-0.2
HZNC|20.6,21.4,18.5,18.9,21.8|0,0,0,0,0
AMHC|17.1,1.9,6.5,3.4,24.9|0.1,0,0.2,0.1,0.1
HMT|19.0,22.1,15.4,15.4,7.8|-0.6,-0.4,-0.5,-0.5,-0.3
SHHO|13.3,19.6,7.4,6.4,11.9|0,0,0,0,0
TTHW|19.7,17.0,12.1,11.0,12.9|0,0,0,0,0
LEELA|1.8,1.2,-35.5,-50.8,-99.5|1.7,2.2,2.2,3.0,11.9
HDIL|8.7,7.9,0.7,1.7,2.0|0.2,0.1,0.1,0.1,0.1
HOVS|-20.5,13.5,-4.4,2.3,-29.0|0,0,0,0,0
HPCL|1.3,3.7,7.7,10.8,28.4|1.0,1.3,1.9,2.0,1.3
HSAN|11.6,9.7,8.0,3.3,6.5|0.4,0.6,0.6,0.5,0.3
HTMA|13.9,11.4,10.5,11.9,9.5|0.1,0,0.1,0,0
AKRUTI|11.3,10.9,1.4,-0.1,1.4|0.7,0.5,0.2,0.5,0.5
PPRD|16.0,12.7,14.4,11.7,12.4|0.1,0.1,0.1,0.1,0.7
ICBK|12.5,14.0,14.4,14.5,10.8|0,0,0,0,0
ICRA|17.9,17.4,17.8,15.3,16.0|0,0,0,0,0
MDHPC|14.8,-26.4,556.1,80.1,30.7|0.2,0.7,-3.5,0,0
IDBI|10.7,10.3,8.9,4.9,3.9|0,0,0,0,0
IDEA|5.5,7.1,11.9,13.9,12.0|0.7,0.8,1.1,0.7,1.4
IDFC|12.3,12.6,13.4,12.0,9.9|0,0,0,0,0
IFCI|15.1,12.4,7.3,10.2,9.7|0,0,0,0,0
ININFO|12.9,7.8,13.9,12.9,17.5|0.8,1.9,2.2,2.8,3.7
IFVN|38.9,31.5,27.0,22.2,20.0|0.1,0.1,0,0,0
ICMN|8.8,1.6,6.9,4.7,-6.6|0.1,0.4,0.4,0.5,0.6
INGL|-3.9,16.3,17.8,-43.3,29.8|1.6,1.7,1.3,1.9,1.3
IBULL|3.0,7.0,16.5,20.5,24.3|1.2,1.1,2.6,2.9,3.5
IBRL|1.7,2.3,2.6,3.3,3.5|0.3,0.3,0.3,0.4,0.8
INDBK|18.8,16.8,13.8,8.5,7.0|0,0,0,0,0
IOB|11.5,8.8,4.2,3.7,-2.9|0,0,0,0,0
IRSY|22.5,5.2,6.4,-2.3,-3.8|0.5,0.3,0.5,0.5,0.4
ITTL|-53.2,-201.4,-201.4,-307.2,-2.5|0,0,0,0,0
INDOCO|12.2,10.3,12.7,16.0,14.2|0.1,0.1,0,0,0.1
IGL|24.9,23.7,20.4,21.2,18.7|0.3,0.2,0.2,0.1,0
IRMED|22.9,20.6,17.0,16.8,18.9|0,0.3,0.2,0.2,0.1
IFILA|-6.2,-36.8,4.7,6.1,469.2|1.0,1.5,1.1,0.9,-2.7
INDIN|16.9,13.9,15.6,16.9,12.9|0,0,0,0,0
BABS|18.0,21.0,14.2,14.5,10.6|0,0,0,0,0
ICSL|25.7,23.7,21.9,13.3,14.3|0.1,0,0,0,0
NAUKRI|19.6,15.1,13.3,1.7,-21.7|0,0,0,0,0
TTDO|-292.4,7.5,251.3,49.4,14.7|0.9,0,-1.4,-1.0,-0.9
INFY|26.6,24.8,23.9,24.4,23.7|0,0,0,0,0
VYSY|10.4,12.1,11.4,13.2,9.3|0,0,0,0,0
INGER|10.2,9.0,7.3,6.9,6.2|0,0,0,0,0
INVIL|26.8,38.6,33.0,17.8,12.5|4.2,3.0,0.8,0.7,0.4
INOL|1.6,3.1,3.6,6.8,3.5|0.6,0.6,0.4,0.4,0.3
ADPA|10.8,7.8,-20.4,-5.2,-10.0|0.9,0.5,0.7,0.7,0.9
IOC|7.0,7.1,10.4,7.1,14.8|0.3,0.4,0.5,0.5,0.4
IPLB|22.1,20.8,24.4,11.5,4.1|0.3,0.2,0.2,0.2,0.2
IRB|18.6,17.4,17.1,12.9,12.4|1.3,1.8,2.0,2.6,2.5
ISST|13.0,4.6,-28.8,-89.4,-77.1|1.2,1.6,1.7,3.5,4.1
ITC|32.2,32.9,32.6,30.4,29.2|0,0,0,0,0
IVRI|1.9,-4.3,-9.1,-41.8,-179.7|0.7,1.1,1.3,1.8,6.6
LOGIX|0.7,0.6,2.4,3.9,0.4|0.1,0,0,0,0
JKBK|17.7,19.6,21.7,20.6,8.3|0,0,0,0,0
JBCH|69.9,7.8,5.9,10.1,14.8|0,0,0,0,0
JKIL|22.8,19.5,15.5,15.0,14.6|0,0,0.1,0.2,0.2
JAGP|29.6,23.7,27.4,23.5,27.2|0.1,0.6,0.3,0.3,0.2
JCLD|4.5,5.8,4.7,4.3,2.3|0,0,0,0,0
JNIR|12.7,0.1,-1.8,2.6,3.6|0.7,0.7,0.7,0.8,0.8
JPAS|16.6,5.5,3.7,-8.0,-11.6|3.6,3.8,4.2,5.5,3.7
JPHY|7.3,5.4,0.5,2.4,-3.8|2.9,3.2,3.8,4.1,2.9
JYSWN|13.3,4.4,1.5,2.9,0|0.8,0.9,0.8,1.2,1.3
JBFI|38.3,13.9,6.4,0.3,1.7|0.7,0.9,1.3,2.4,3.4
JET|-5.4,14,201.0,42.7,98.9,33.2|5.7,-877.4,-3.8,-1.6,-1.0
JLDR|10.5,10.4,6.5,5.0,7.7|0,0,0,0,0
JLPH|7.7,6.0,-4.3,-14.7,-11.4|0,7.2,13.6,15.3,16.8
SAWP|18.7,10.9,5.1,-0.5,-2.4|0.3,0.2,0.5,0.8,1.0
JNST|20.8,14.0,-8.6,-62.8,-2,326.5|2.7,3.4,3.8,6.6,145.8
JISPL|21.9,13.7,8.4,-6.1,-10.5|0.6,0.7,1.1,1.7,2.0
JKCE|11.5,13.6,4.4,8.9,3.9|0.7,0.6,1.4,1.7,1.8
JKCO|5.7,9.3,13.9,7.2,7.7|0.8,0.8,0.9,1.1,1.1
CPMS|18.1,5.7,4.3,-9.3,-2.4|0.5,1.0,1.7,2.2,2.1
JKID|7.7,-4.2,22.4,24.0,23.5|0.6,1.5,1.4,1.1,1.1
JSWE|3.0,14.6,11.5,18.0,16.3|1.5,1.4,1.4,1.1,1.5
JSWH|0.7,3.2,4.0,3.1,4.6|0,0,0,0,0
ISPAT|1.7,-66.1,-52.2,-224.3,-38.9|3.2,6.2,9.6,6.0,8.9
JLVY|3.3,5.6,2.1,8.1,-3.4|0.8,1.0,1.3,1.5,1.5
JFWL|34.9,30.5,21.5,17.2,14.3|0,0,0,0,0
JUBOL|19.1,10.6,0.6,6.2,4.2|1.2,1.3,1.3,1.0,0.7
JYLB|7.3,3.1,11.1,15.5,18.7|0.7,0.7,0.7,0.6,0
JYTST|17.3,14.8,5.5,-1.4,-2.4|0.4,0.5,0.4,0.5,3.7
KSOL|17.3,18.1,14.8,-33.0,-1,404.6|0.1,0.3,0.2,0.6,13.5
KJCR|28.7,29.0,23.5,23.7,24.9|0.3,0.2,0.2,0.1,0.2
KAPW|10.2,6.6,5.8,5.4,5.1|0.4,0.6,0.8,1.1,1.1
KYST|6.5,6.7,14.7,17.5,19.3|0.2,0.4,0.3,0.3,0.2
KACH|7.7,59.0,1.7,6.8,2.5|1.1,0.1,0.2,0.2,0.4
GLNE|20.3,22.8,14.6,17.1,38.9|0.1,0.1,0,0,0
KBANK|8.4,9.5,12.2,10.2,13.3|0,0,0,0,0
KARUR|19.7,18.5,17.8,12.9,11.6|0,0,0,0,0
KARUT|17.0,11.7,10.5,6.6,3.7|0.2,0.2,0,0.2,0.3
KSCL|24.1,37.1,40.5,39.9,19.0|0,0,0,0,0
KECI|18.9,5.7,5.6,12.1,12.7|0.7,0.6,0.5,0.6,0.4
KEIN|6.4,4.4,10.8,10.3,4.2|0.6,0.5,0.6,0.4,0.4
WDIA|17.5,29.8,22.7,4.7,5.1|0,0,0,0,0
KESO|-41.5,-56.7,-109.5,-419.8,34.0|3.0,4.8,5.4,38.5,8.5
KKCL|18.6,23.4,23.1,21.0,23.1|0,0,0,0,0
DCAV|67.2,40.0,29.3,41.3,31.9|-1.3,-1.1,-1.8,-1.0,-0.5
KLBR|5.5,7.0,6.4,4.1,-3.4|0.1,0.1,0,0.1,0
KLOE|10.4,11.4,5.8,8.1,8.1|0,0,0,0.1,0
KXGN|28.0,27.8,24.0,32.9,37.3|0.3,0.1,0,0.2,0.1
KOLTE|6.8,4.7,13.9,11.4,7.8|0.1,0.2,0.1,0.3,0.3
KOTAK|14.2,14.4,12.9,13.7,10.4|0,0,0,0,0
KOPD|10.7,9.1,11.7,7.9,8.6|0.1,0.2,0.1,0.1,0.1
KPIT|20.4,19.2,19.5,18.3,20.4|0.1,0.1,0.1,0.1,0.1
KHRB|18.6,10.2,15.7,24.4,24.3|0.1,0.1,0.1,0.2,0.2
KSBP|11.5,13.6,13.0,12.3,11.4|0,0,0,0,0
KWDR|50.5,51.0,37.1,33.8,25.0|0.9,0.6,0.4,0.3,0.2
LART|16.0,15.4,13.0,11.6,11.6|1.2,1.4,1.5,1.6,1.7
LNTFH|13.5,9.6,13.4,10.2,11.0|0,0,0,0,0
LAMH|19.0,15.7,13.5,17.1,17.1|0,0,0,0,0
LAOV|18.9,1.7,1.3,-0.1,-83.0|0.1,0.1,0.1,0,1.0
LITL|9.6,-2.4,-29.2,-156.0,454.9|2.5,5.1,7.1,20.7,-74.0
LICHF|22.7,16.1,16.0,17.4,17.7|0,0,0,0,0
LCPP|3.6,7.7,14.6,16.3,18.1|0,0,0,0,0
BOC|9.6,6.7,5.4,0.4,1.7|0.6,0.6,0.8,0.8,1.0
LDEL|7.0,9.6,13.9,11.7,5.4|0.2,0.2,0.2,0.1,0.1
LOVAL|10.0,13.6,10.9,11.1,10.7|0,0,0.1,0,0
LUPL|21.6,25.3,26.5,27.1,20.7|0.1,0,0,0,0.5
MAHM|18.7,20.5,20.0,12.1,11.2|1.0,1.0,1.1,0.9,0.9
MPRJ|-23.3,-169.7,334.6,76.1,1.1|3.9,21.4,-51.7,-17.0,-16.2
MMLG|19.9,20.5,6.7,9.9,10.1|0,0,0,0,0
MASM|13.5,11.2,5.4,3.6,4.0|0,0,0,0,0.1
MMFS|19.4,21.2,20.2,18.0,15.4|0,0,0,0,0
MHRI|20.1,18.2,14.8,11.4,11.2|0,0,0,0,0.2
GESCO|10.2,10.3,10.9,8.0,19.2|0.5,0.4,0.4,0.9,0.8
MAND|16.9,11.6,9.5,1.4,10.4|0.4,0,0.5,0.5,0.7
MNPT|17.7,25.1,14.2,13.7,18.0|0,0,0,0,0
MGLC|9.7,12.9,15.7,5.8,3.5|0,0,0.4,0.7,0.6
MNGL|13.1,16.0,12.9,11.4,11.2|0,0,0.4,0.3,0.4
MGRI|-13.3,5.2,-3.9,-5.6,3.5|0,0,0,0,0
PIRLS|22.6,15.7,10.2,7.1,7.1|0.1,0,0,0,0
MRGC|4.5,0.3,-66.2,179.5,63.7|4.7,5.9,13.2,-8.2,-2.5
MRCO|27.7,20.0,35.7,31.4,34.6|0.3,0.2,0.2,0.1,0
MARUTI|10.7,13.0,13.3,15.7,16.9|0,0,0,0,0
MAST|-11.4,0.1,6.4,9.2,3.0|0,0,0,0,0
MAXL|0.6,6.2,27.0,4.7,11.1|0.3,0.2,0.1,0.1,0.1
MYUN|38.9,36.8,35.3,23.3,23.0|0,0,0.1,0,0
MCRL|16.5,14.0,11.9,1.5,1.8|0.1,0,0,0.1,0.2
MRCR|2.5,4.1,0.8,-16.9,1.4|1.3,1.0,1.1,1.2,1.1
EMER|15.5,16.2,10.7,7.8,9.1|0,0,0,0,0
MICE|14.0,8.0,-17.5,-4.3,-15.0|0.1,0.1,0.1,0.1,0
MITH|24.0,21.6,15.4,19.0,-17.7|0.2,0.1,0.1,0.1,0
MIND|22.8,25.8,27.5,26.6,25.6|0,0,0,0,0
MIRC|11.1,-17.5,-16.3,-48.2,-3.0|0.1,0.1,0,0,0
MZTN|12.2,21.9,17.1,17.3,15.1|0.3,0.2,0.2,0.2,0.2
MMTC|1.7,3.4,-7.4,-1.3,-3.1|0.1,0.1,0.1,0.1,0
MOIL|16.8,15.6,16.3,12.7,5.0|0,0,0,0,0
MNIT|12.9,10.8,8.4,1.3,-41.5|1.0,1.7,2.4,3.1,4.5
MOCH|13.1,16.5,35.7,28.4,24.5|0,0,0,0,0
MRBR|-28.0,-41.5,-1,203.9,98.4,52.4|1.6,1.7,24.6,-1.2,-1.2
MHSS|13.9,19.4,25.9,25.9,30.0|1.6,1.2,1.0,1.2,1.2
MOTIL|12.9,9.1,9.0,3.4,11.1|0,0,0,0,0.2
BFL|21.1,18.0,15.1,5.9,12.3|0,0,0.1,0.1,0.1
MACM|15.5,38.6,45.9,24.0,25.5|0,0,0,0,0
MRF|27.0,20.3,22.1,20.0,34.5|0.4,0.4,0.3,0.3,0.2
MRPL|19.9,18.0,12.6,-11.7,8.5|0.3,0.2,0.5,0.9,1.3
MTEL|17.1,23.2,17.8,18.8,23.6|0,0,0,0,0
MTNL|-42.2,-162.0,190.9,155.1,-141.6|0.4,2.8,-2.5,1.6,4.9
MUKD|1.3,-4.3,-12.4,-4.5,0.6|0.4,0.4,0.5,0.6,0.8
MJSW|26.2,20.0,19.6,18.4,13.5|0.1,0,0,0,0
MUTFL|37.0,30.5,26.9,18.3,13.2|0,0,0,0,0
NRAG|1.5,3.5,-6.5,-12.2,4.3|0.3,0.2,0.2,0.2,0.1
NRSP|18.2,-21.4,12.6,19.1,2.7|0.6,0.7,0.5,0.5,0.5
NALCO|7.3,5.0,5.3,10.3,5.7|0,0,0,0,0
JLSP|4.8,7.3,0.1,6.1,9.1|0.1,0.1,0.1,0.1,0.1
NTPH|15.9,15.2,12.6,13.5,14.2|0.2,0.4,0.3,0.3,0.1
NTFR|10.8,8.3,7.2,-10.8,-6.0|0,0.1,0.9,1.9,1.8
NABF|31.0,18.2,12.3,7.7,10.2|0.2,0.2,0.2,0.2,0.1
POLN|21.1,45.5,8.6,11.8,9.3|0,0,0,0,0
NAVN|21.6,25.5,24.1,24.0,17.7|0,0,0,0,0
NRCN|8.6,2.0,2.1,0.1,1.6|0.8,1.0,0.5,0.4,0.4
NDTV|-45.3,1.0,-69.9,-59.4,-66.7|0,0,0.4,0.5,0.2
NWSE|30.1,23.2,22.3,18.5,20.7|0,0,0,0,0
NEST|75.5,59.4,47.2,41.8,20.0|0.6,0.6,0.5,0,0
MIDDY|-17.6,-10.4,-4.6,-1.5,0.1|0.2,0.2,0.2,0.1,0
NYVL|12.2,11.6,11.7,11.3,10.8|0.4,0.4,0.4,0.5,0.4
NHPC|10.8,8.8,4.3,8.1,8.6|0.6,0.6,0.7,0.6,0.6
NIIT|16.6,16.6,3.9,2.6,-19.0|0.4,0.1,0.2,0.2,0.2
NIITT|21.7,19.5,17.4,8.3,16.9|0,0,0,0,0
NILK|20.3,14.9,14.8,8.3,9.7|0.4,0.2,0.3,0.3,0.2
NITCO|4.6,-11.9,-87.3,-233.8,317.7|0.5,0.6,4.3,9.8,-21.1
NFIR|23.2,16.6,18.0,17.9,15.3|0,0,0,0,0
NTML|24.2,33.8,29.8,23.0,21.3|0,0,0,0,0
NOCIL|10.3,11.5,6.3,13.8,16.7|0.2,0.3,0.2,0.1,0
NOTO|8.4,9.7,8.6,11.1,15.9|0.2,0.2,0,0,0
NVRT|20.9,18.6,13.3,10.2,7.9|0,0,0,0,0
NRBB|26.4,21.8,24.3,15.4,21.1|0.2,0.7,0.5,0.4,0.4
NTPC|13.2,15.5,13.1,12.2,11.4|0.7,0.8,0.9,1.1,1.1
NUSE|9.1,11.2,12.9,16.2,14.8|0,0,0,0,0
OIL|18.5,19.4,18.7,14.5,12.1|0,0,0,0.1,0.4
OXAU|8.9,11.9,13.9,6.6,-4.7|0.7,0.7,0.5,0.6,0.9
OMAXE|5.5,5.1,5.7,4.1,2.7|0.4,0.3,0.3,0.2,0.2
ONGC|19.5,20.6,15.9,15.4,10.2|0,0,0.1,0.2,0.3
ONMG|10.7,9.4,5.2,-17.2,-4.9|0,0,0,0.1,0
OPCT|25.0,26.9,33.7,18.2,4.1|0.1,0.2,0.2,0.1,0.1
IFLEX|14.4,14.5,15.5,34.6,31.7|0,0,0,0,0
ORBIT|8.1,1.1,0.7,-17.3,-12.7|0.5,0.2,0.4,0.5,0.5
OREX|30.0,25.8,29.9,28.6,29.3|0.3,0.3,0.2,0.3,0.2
ORCHID|-7.7,36.2,14.6,8.6,-146.9|4.1,1.6,0.6,0.9,2.4
ORPR|15.9,19.0,-7.4,1.0,-7.2|0.3,0.1,0,0.1,0.2
OBC|9.6,10.4,8.5,3.6,1.3|0,0,0,0,0
ORHT|7.9,5.7,3.8,-5.9,0.5|0.5,0.7,0.5,0.5,0.8
OMDCL|9.4,1.0,0.4,1.6,0.8|0,0,0,0,0
PROC|25.1,26.0,25.2,30.1,28.2|0,0,0,0,0
PAGE|54.3,52.7,53.2,50.7,46.1|0.1,0.1,0.1,0.1,0
PANB|11.7,22.3,-23.5,-37.4,-21.9|0.4,0.7,0.6,1.1,1.1
PRMC|-29.0,-3.3,-210.7,790.9,108.0|1.0,0.8,2.9,-28.1,-7.2
PAAL|11.2,14.2,14.8,18.2,19.0|0.2,0.5,0.4,0.9,0.8
PARS|5.4,2.1,2.6,0.6,-4.0|0.5,0.5,0.6,0.8,0.9
PATEL|8.6,4.3,4.0,0.9,0.4|0.7,0.6,0.9,1.0,1.3
PTAR|28.8,23.5,12.8,10.8,9.5|0.1,0.1,0.1,0.1,0
PCJL|44.5,41.6,21.0,21.2,19.0|0,0,0,0,0
PEARL|4.2,5.7,3.9,5.8,7.9|0.1,0.1,0.1,0.1,0
MRJE|10.0,11.9,2.8,-0.6,-2.1|0.5,0.5,0.6,1.0,1.1
PERSL|16.9,18.4,20.4,20.7,18.1|0,0,0,0,0
PTEN|24.2,20.3,0.1,2.4,0.4|0.1,0.1,0.3,0.2,0.1
PLNG|30.0,25.8,14.3,15.5,14.5|0.8,0.6,0.5,0.4,0.3
PFIZ|14.1,29.7,33.5,3.5,10.5|0,0,0,0,0
PHIL|21.9,14.1,-3.7,-17.3,2.1|0.4,0.3,0.3,0.8,0.6
PHLM|-16.4,-9.0,4.9,-25.8,64.7|0,0,0.1,0.1,0
PHNXM|3.9,5.0,6.2,4.8,7.5|0.4,0.5,0.8,0.9,1.6
PIIN|31.7,31.8,18.3,27.1,27.4|0.3,0.4,0.2,0.1,0
PIDI|24.6,25.7,23.0,22.6,27.1|0.1,0,0,0,0
NCHP|1.0,-2.1,-5.4,24.3,7.7|0.1,0.1,0.3,0.3,0.6
GUJG|1.9,30.8,27.1,5.9,9.9|1.7,0.8,1.0,1.4,1.3
PLPL|24.5,22.9,7.5,7.4,6.9|0.6,0.5,0.2,0.2,0.3
PNB|17.2,14.1,9.0,7.7,-9.2|0,0,0,0,0
PGILT|6.5,5.3,3.6,9.8,9.2|0,0,0,0,0
PLRS|19.6,18.1,15.0,12.9,19.7|0,0,0,0,0
POME|26.1,27.8,20.8,21.5,30.8|0.2,0.2,0.2,0.2,0.3
PFC|17.4,14.7,18.7,19.8,18.5|0,0,0,0,0
PGRID|14.0,16.3,13.1,13.1,14.0|2.1,2.4,2.2,2.4,2.4
PRAJ|10.3,12.3,11.9,9.4,12.3|0,0,0,0,0
PREN|-0.6,-0.3,-1.3,-1.8,-1.9|0.4,0.3,0.4,0.4,0.4
PRKI|18.8,15.5,13.7,7.9,7.8|0.2,0.3,0.4,0.4,0.3
PAIL|15.2,14.9,13.1,2.4,6.4|0.3,0.6,1.5,1.2,1.4
PRMI|23.4,6.3,10.9,-13.2,0.5|0.2,0,0,0.1,0.1
PEFO|17.4,20.9,20.0,-3.7,3.3|1.8,0.9,0.2,0.6,0.8
PRSE|-23.4,3.4,2.4,-31.7,-14,214.8|0.1,0.6,0,0,0.2
PRISM|-1.5,-5.4,-8.1,0.2,0.3|1.1,1.1,1.4,1.6,1.5
PRTH|9.5,2.2,4.5,4.5,3.9|0.8,0.9,0.8,1.0,1.0
PROV|2.6,2.6,3.9,3.5,-0.9|0.2,0.1,0.1,0.1,0.2
PSLH|13.3,5.5,4.6,-163.3,-723.1|2.1,0.6,0.7,10.3,91.7
PTC|7.1,8.2,7.5,12.4,8.3|0.2,0.3,0.4,0.8,1.2
PUNL|3.1,-0.3,-24.6,-118.2,171.5|0.7,0.7,1.0,1.9,-1.9
PSB|14.6,11.1,7.7,6.0,2.2|0,0,0,0,0
PURVA|7.5,8.0,12.8,7.4,5.9|0.3,0.2,0.5,0.3,0.5
PVR|2.4,9.0,6.9,14.0,3.1|0.4,0.6,0.9,1.2,1.6
RDKH|11.2,9.5,10.6,9.1,8.2|0.1,0.5,0.6,0.5,0.4
PRCE|36.7,17.3,31.3,17.9,11.9|2.4,2.2,1.5,2.4,2.3
ROML|7.8,-4.8,-7.5,2,185.9,39.1|0.1,0.3,0.4,-9.7,-5.9
RAJTV|-11.3,9.7,9.1,8.2,52.5|0,0.1,0.1,0.1,0
RAMS|18.1,0,13.5,14.2,11.4|1.5,1.5,0.9,0.7,0.5
RAJEX|16.9,15.5,20.7,18.7,13.0|0.3,0,0,0,0
RALL|25.0,17.9,19.2,21.2,19.3|0.2,0.2,0,0,0
RANB|6.8,26.7,-101.1,22.6,-32.9|0.6,0.1,0.3,0.5,0.7
RSYP|2.8,19.7,12.1,10.3,-10.5|0.3,0.2,0.2,0.1,0.2
RTME|22.3,19.0,20.9,21.0,18.6|0.3,0.1,0.1,0.1,0
RYMD|4.4,11.4,2.1,7.3,7.3|0.8,0.6,0.6,0.8,0.6
RCFL|12.8,12.2,11.5,11.6,9.7|0.7,0.1,0.1,0.1,0.1
REDTN|18.0,22.1,19.7,16.7,16.3|0,0.4,0.2,0.1,0
REAG|18.2,12.2,14.8,21.3,11.2|0.9,0.3,0.5,0.5,0.2
RINF|12.0,11.3,11.0,10.5,9.7|0,0,0,0,0
RELXO|19.9,23.1,20.9,23.7,28.0|0.7,0.5,0.7,0.4,0.4
RCAP|3.7,3.9,6.8,6.0,7.5|1.6,1.0,1.1,1.1,1.3
RCOM|2.6,2.0,3.3,1.9,1.9|0.8,0.8,0.9,0.8,0.8
RELI|11.6,11.5,11.3,10.8,6.0|0.4,0.4,0.5,0.6,0.3
BSES|6.5,8.6,7.2,6.7,7.1|0.5,0.5,0.6,0.6,0.7
ADLABS|6.9,-9.8,-38.2,-768.7,160.5|0.7,1.2,3.0,10.4,-1.3
RPWR|4.9,5.4,5.3,5.0,6.5|0.8,1.3,1.3,1.4,1.4
RELIG|3.7,-10.3,-5.8,-17.8,-2.2|0.5,1.3,1.7,2.3,2.1
REHF|23.5,20.3,12.6,14.9,15.2|5.3,5.8,3.4,3.9,4.8
REIND|20.3,20.2,18.9,12.8,9.5|0.7,0.3,0.9,0.7,0.4
RAUT|-1.6,4.1,6.6,1.6,0.8|1.0,0.8,0.6,0.5,0.3
ROLT|12.6,-43.3,12.8,10.7,7.5|1.0,1.7,1.6,2.1,2.0
ROCH|3.3,5.6,-1.1,-3.7,-21.9|0.6,1.0,0.9,1.0,0.4
RJSP|45.5,-17.2,24.4,27.6,19.2|2.2,3.5,2.6,1.8,1.5
RUBY|37.8,28.0,12.9,16.1,16.4|1.7,2.4,2.1,1.2,0.9
RUSO|10.2,3.9,11.3,0,3.5|0.3,0.4,0.5,0.5,0.3
RUPA|22.1,26.6,23.1,20.8,17.9|0.1,0.1,0,0,0
REC|20.2,19.4,21.9,22.8,21.5|0,0,0,0,0
SKSY|11.4,10.8,12.1,13.3,-15.0|0.7,0.5,0.3,0.4,0.3
SAEL|10.6,10.4,0.6,3.5,-11.4|2.0,2.7,3.3,3.8,4.1
SAIL|8.9,5.6,6.1,4.6,-10.8|0.3,0.3,0.3,0.4,0.4
SLZE|11.8,11.6,9.7,7.8,8.7|0.2,0.1,0.1,0,0
SMCO|36.7,-56.3,238.3,82.8,11.7|1.4,1.3,-1.6,-0.3,-0.2
GREMAC|0.8,-26.3,306.4,74.0,73.9|1.0,0.8,-1.8,-1.4,-1.1
SGMI|23.6,6.8,17.2,12.2,13.9|1.7,1.8,1.2,0.8,0.7
SHVM|16.0,16.2,6.2,-2.2,1.2|0.4,0.5,0.6,0.4,0.4
HOCM|17.1,14.7,19.7,17.7,19.8|0,0,0,0,0
SWAG|13.5,7.3,8.0,8.6,8.2|0.1,0.1,0.1,0.1,0.2
GRMCO|-12.5,1.0,7.2,11.4,4.0|0.1,0,0,0,0
SASK|13.9,7.6,12.6,26.8,41.3|0,0,0,0,0
SJVN|12.7,13.7,12.5,12.3,16.4|0.2,0.2,0.2,0.2,0.2
SVCH|27.7,15.5,20.2,15.7,-0.2|0.1,0.1,0.1,0.1,0.1
SBI|14.4,14.3,9.6,10.5,6.8|0,0,0,0,0
SHAL|21.9,21.7,22.7,14.7,-3.8|0,0,0,0.1,0.2
SGEAR|7.7,12.2,11.4,6.0,6.9|0.1,0,0,0,0
SHSCH|3.2,-16.8,45.4,19.6,10.0|2.8,0.8,0.4,0.4,0.6
SHCN|5.9,7.9,-6.4,-1.7,-4.3|0.4,0.6,0.8,1.0,1.0
SSTOP|3.7,-2.3,-1.7,8.0,0.4|0.2,0.3,0.7,0.7,0.9
SHRCM|22.6,26.1,16.7,8.1,7.4|0.3,0.1,0.1,0.1,0.1
RENSU|30.1,-1.6,-25.6,297.7,77.4|2.0,3.0,3.5,-10.1,-1.7
SHCU|19.8,19.5,19.6,17.7,13.6|0,0,0,0,0
SHTRA|24.9,21.7,19.9,16.0,11.1|0,0,0,0,0
SICAG|-2.7,3.7,1.6,3.7,4.5|0.9,1.1,1.3,1.5,1.4
SIEM|22.2,8.7,4.8,13.8,23.1|0,0,0,0,0
SXCN|11.5,6.9,4.1,4.1,3.9|0,0.1,0.2,0.3,0.4
SNTX|19.2,11.6,10.4,10.3,11.3|0.4,0.5,0.8,0.9,0.7
WIRE|-746.8,110.5,97.1,-83.0,-59.6|25.6,-3.7,-11.8,9.2,0.5
SKF|20.6,16.5,13.1,14.3,16.4|0,0,0,0,0
DLIK|9.4,86.4,-0.5,-0.5,3.2|0,0,0,0,0
SWMZ|17.2,17.4,13.8,6.3,12.2|0,0,0,0,0
SOBHA|9.8,10.3,10.2,10.3,9.8|0,0,0,0,0.1
SOEX|23.9,25.0,20.3,17.9,19.0|0.1,0.2,0.1,0.2,0.2
SOST|21.7,20.4,14.5,21.9,11.7|1.2,1.1,0.9,0.5,0.5
SSOW|-0.7,-8.2,20.8,31.2,33.7|0,0,0,0,0.1
SIBK|15.8,18.5,16.7,15.1,8.6|0,0,0,0,0
MOLF|31.5,411.5,85.1,98.4,54.3|0,-4.4,-6.4,-1.2,-0.9
SBPR|4.2,1.7,1.1,-2.7,0.2|0.6,0.6,0.8,0.9,0.4
SRNF|12.1,5.8,3.5,7.7,4.0|0,0,0,0,0
SRFL|20.5,12.8,7.9,13.2,15.8|0.4,0.6,0.8,0.8,0.7
STCI|14.5,24.0,18.5,35.9,2.5|-0.4,0,0,0,0.2
STEA|11.5,5.9,0.8,-18.7,-27.3|0.9,1.1,0.6,0.6,0.6
STRL|19.7,13.8,10.1,12.2,10.5|0.1,0.1,0.1,0.1,0.1
STOPT|3.5,2.2,-3.2,-0.2,21.6|0.3,1.6,3.1,4.1,0.7
PLLB|9.5,16.5,41.8,175.5,73.8|0.9,0.8,0.4,0.3,0.2
SUBEX|37.6,22.6,-26.6,-6.7,4.9|0,0,2.4,3.5,2.8
SUNP|21.7,19.9,17.0,17.7,15.0|0,0,0,0.1,0.1
SUNTV|34.2,27.6,25.5,24.2,23.4|0,0,0,0,0
SCLAY|15.5,20.8,12.6,16.5,17.4|1.4,1.1,0.5,0.5,0.4
SFN|21.5,21.2,21.6,18.9,15.4|0,0,0,0,0
SNFS|15.5,13.2,15.1,14.9,13.2|0.4,0.4,0.3,0.2,0.2
INET|0.5,0.5,0.8,23.7,4.6|0,0,0,0,0
SENGG|31.6,33.8,30.8,28.3,24.8|0.5,0.2,0.2,0.2,0.2
SPRM|37.7,35.8,34.7,33.0,27.3|0.3,0.4,0.2,0.3,0.3
SVNP|11.3,20.0,54.5,19.4,15.2|0.4,0.4,0.1,0.1,0.1
SUZL|-20.3,-9.6,-523.7,921.9,125.1|1.3,1.5,12.0,-30.5,-1.5
SWNM|31.6,26.6,14.1,9.2,-0.1|1.9,0.4,1.1,0.9,0.2
SWRJ|28.8,28.4,28.6,31.9,24.4|0,0,0,0,0
NMPW|11.9,78.3,2.4,-0.1,1.9|0,0,0.1,0.1,0.1
SYPH|28.1,27.1,38.6,37.9,37.2|0,0,0,0,0
SYBK|14.9,14.5,16.9,13.2,10.7|0,0,0,0,0
TAJGV|8.6,2.5,1.4,-0.6,2.4|0.4,0.5,0.5,0.8,0.7
TAKE|8.9,27.5,25.0,18.9,12.3|0.1,0.5,0.4,0.2,0.1
TBVF|12.8,15.3,14.4,15.2,16.6|0.7,0.8,0.6,0.6,1.0
TLNP|15.7,16.3,11.2,8.8,14.1|1.2,0.9,0.9,0.6,0.6
TANSL|-14.5,-22.8,-24.0,-3.3,0.4|0,0,0,0,0
TTCH|13.2,6.2,-18.5,10.7,12.4|0.9,0.9,1.2,1.0,1.1
CCOFF|16.9,15.8,18.7,11.8,15.1|1.5,1.3,1.2,1.1,0.9
VSNL|-34.8,-43.7,12.7,0.4,50.7|4.1,6.5,12.2,23.7,-24.0
TTEX|18.0,10.9,30.7,36.0,40.1|0,0,0,0,0
TTEA|7.8,7.7,8.2,4.5,5.7|0.2,0.1,0.2,0.2,0.1
TINV|12.7,12.1,8.4,8.5,8.7|0,0,0,0,0
TELCO|41.3,26.3,21.3,24.9,13.6|0.9,0.9,0.7,1.0,0.6
TTPW|-9.8,-0.8,-2.4,1.3,6.7|2.7,2.9,2.8,2.6,2.6
TTSP|13.3,13.4,14.0,11.6,3.8|0,0,0,0,0
TISCO|12.6,-20.7,8.9,-12.5,-10.7|1.1,1.4,1.3,2.1,2.4
HGTEL|45.6,36.7,23.8,20.7,14.4|-4.1,-2.7,-2.0,-1.7,-2.1
TCS|35.3,36.1,39.0,39.2,37.2|0,0,0,0,0
TEMH|27.0,23.7,33.0,21.5,21.7|0.1,0.1,0,0,0
TEEL|25.6,20.1,18.1,15.6,10.5|0.5,0.1,0.6,0.7,0.6
TIIL|7.9,3.5,14.9,15.8,12.1|0,0,0,0,0
TXML|12.3,11.6,9.9,3.6,1.9|0,0,0,0,0
IHCL|0.1,-14.4,-21.0,-17.0,-1.9|1.0,1.2,1.1,2.1,1.2
MDCM|18.8,17.0,4.7,9.4,18.2|0.7,0.6,0.6,0.7,0.3
TRMX|24.8,17.1,12.1,9.8,11.7|0.1,0.2,0.3,0.2,0
TUMI|0.6,22.0,5.5,-7.1,14.7|0.9,0.5,0.3,0.2,0.1
THOM|13.9,14.4,11.5,9.0,6.8|0,0,0,0.2,0.1
TILL|21.6,18.3,4.4,1.2,2.7|0.1,0,0.3,0.4,0.5
TLKN|9.7,9.9,11.4,10.0,-7.4|0.2,0.2,0.4,0.4,0.4
TTECH|15.9,16.6,11.8,12.5,10.3|0.4,0.4,0.5,0.4,0.4
TMKN|13.4,25.8,13.0,11.7,18.4|0,0,0,0,0
TNPL|21.7,11.2,3.3,5.6,11.8|0.7,0.3,0.2,0.2,0.1
TWL|12.4,12.5,3.5,-1.3,-0.5|0.1,0.1,0.1,0,0.1
TITN|41.2,36.8,29.1,26.5,19.8|0,0,0,0,0
TORR|23.8,30.4,34.9,30.2,50.8|0.3,0.3,0.4,0.9,0.5
TRPWR|21.8,6.3,1.7,5.5,11.5|0.8,1.0,1.4,1.3,1.1
TRCP|15.4,15.7,15.9,14.6,13.1|1.0,0.2,0.2,0.1,0.1
THEL|7.5,8.5,9.7,11.0,9.4|0,0,0.1,0.1,0.1
TRENT|-3.3,-2.2,-1.9,9.1,4.4|0.2,0.3,0.3,0.1,0.1
TRFL|0.2,8.2,-119.5,-70.0,301.0|0.7,1.4,3.5,6.3,-11.2
TBZL|36.6,35.8,20.6,12.3,5.2|0.1,0,0,0,0
ABHI|12.6,-6.7,7.0,20.9,8.1|1.7,2.0,1.3,0.8,1.0
TREN|7.0,2.1,-5.1,-21.0,-23.1|0.5,0.4,0.4,0.5,0.6
TTKP|14.1,19.5,17.8,14.5,11.6|0,0,0,0,0.1
TKPR|39.7,33.7,19.1,14.3,15.9|0.1,0,0,0,0
TUBE|19.1,20.5,17.4,16.0,18.2|5.8,5.8,5.4,5.4,5.7
TULIP|36.6,24.9,25.2,30.8,-116.2|1.3,1.1,0.8,1.0,3.0
TVTD|4.0,3.3,3.8,16.2,18.0|0,0.1,0.1,0,0
GBN|-2.6,-10.8,-0.8,3.0,1.3|0.2,0.4,0.1,0,0
TVS|18.3,22.0,16.0,24.8,23.3|1.2,0.9,0.4,0.4,0.3
UPHT|18.2,18.8,20.2,14.9,8.5|0,0,0,0,0
UDBW|141.9,142.5,-64.0,-13.9,-944.5|-6.1,-12.6,0.9,0.9,13.1
UCLF|-108.2,36.9,38.5,10.1,12.3|11.3,4.1,3.7,3.5,3.0
FXIN|18.5,37.0,11.3,7.6,7.1|1.0,0.5,0.5,0.5,0.5
CEMCO|18.7,17.6,12.8,11.0,10.9|0.4,0.3,0.4,0.3,0.2
UNCHM|15.4,10.8,15.6,20.7,8.7|0.1,0,0,0,0
UNBK|12.1,12.4,8.9,8.8,5.9|0,0,0,0,0
UNTE|4.9,2.0,1.8,0.6,1.2|0.2,0.2,0.3,0.2,0.2
UTBK|13.2,7.7,-27.1,4.4,-4.8|0,0,0,0,0
UDBS|9.8,12.0,-944.5,14.0,14.0|0.3,0.5,13.1,0.3,0.1
MCDL|4.0,-2.1,-148.0,-255.9,54.1|1.1,1.0,0.3,1.7,0.4
UNFRA|15.1,14.7,14.2,12.2,0.7|0.4,0.3,0.3,0.3,0.7
UNPS|15.0,13.3,16.7,18.2,20.3|0.3,0.6,0.6,0.4,0.3
USBN|7.7,0.2,4.1,0.5,-14.6|0.8,1.1,1.2,1.3,1.6
UTMS|6.4,8.1,7.3,4.4,2.3|1.7,2.0,2.2,1.4,1.9
VGUARD|24.8,24.1,24.1,22.0,18.7|0,0.1,0.1,0.1,0.1
VMART|19.3,12.2,14.8,18.2,0|0,0,0,0,0
VTECH|9.2,11.5,12.6,13.5,12.2|0,0,0,0.1,0.1
VLIN|11.1,5.3,4.5,2.0,2.1|1.5,0.8,0.7,0.7,0.5
VAKRA|17.0,20.3,22.5,26.7,26.0|0.4,0.3,0.1,0,0
MHSP|20.4,5.5,12.5,20.4,10.5|0.7,0.8,0.7,0.6,0.4
VNSH|24.7,15.1,1.5,1.8,-23.3|2.4,3.5,3.4,2.4,3.0
SESA|17.8,13.0,8.6,-29.0,-20.9|0.1,0.1,0.8,1.0,1.1
WSHT|26.6,13.0,7.5,9.3,5.0|0.1,0.3,0.4,0.6,0.7
VSRM|19.5,15.3,15.1,13.9,1.1|0.4,0.3,0.3,0.3,0.4
VDFN|14.4,7.0,-3.9,-17.5,-60.2|1.1,1.3,1.4,1.8,6.6
VBANK|14.5,14.3,13.4,7.1,7.1|0,0,0,0,0
VNOR|29.3,28.5,27.8,26.7,24.3|0.5,0.6,0.4,0.1,0
VIPI|44.1,27.9,12.2,20.1,15.2|0,0,0,0,0
VINFY|0.4,0.3,2.0,-7.4,-0.5|0.1,0.1,0,0,0
VAMP|8.4,8.0,6.2,6.4,9.4|0,0,0,0,0
VOLT|11.0,12.8,13.5,18.3,16.1|0,0,0,0,0
VST|49.1,41.5,45.7,43.9,41.3|0,0,0,0,0
VSTT|24.4,19.9,26.6,19.1,17.6|0,0,0,0,0
WABCO|33.0,29.0,20.2,15.6,14.0|0,0,0,0,0
WLCH|3.1,3.0,-5.4,-1.8,-12.8|0.1,0.1,0,0.1,0.2
WSGJ|18.8,4.9,-1.2,2.6,2.5|1.0,0.8,0.9,1.0,0.9
WLSP|-1.8,22.7,8.3,37.7,35.4|1.3,1.0,1.5,1.1,0.9
WNDT|27.5,25.8,14.8,12.7,13.7|0,0,0,0,0
WSCS|10.2,14.9,-5.9,3.0,1.1|1.9,1.3,1.3,1.0,1.0
WHEEL|14.4,12.3,7.8,7.8,9.8|0.7,0.8,0.3,0.4,0.5
WHRP|45.1,25.2,20.7,16.6,23.0|0,0,0,0,0
WMPL|24.9,21.9,22.3,22.7,21.5|0,0,0,0,0
WPRO|19.5,23.2,24.7,23.3,20.0|0.1,0,0,0,0
WOCK|48.3,66.3,25.6,11.9,9.1|3.8,0.6,0.3,0.3,0.5
WYLD|36.7,21.3,43.0,30.0,22.9|0,0,0,0,0
YES|20.9,22.4,22.6,17.1,18.4|0,0,0,0,0
ZNDU|5.7,0.3,-35.1,0.7,18.0|0,0,0,0,0
ZEE|17.1,18.4,18.8,17.6,16.5|0,0,0,0,0
ZNEWS|6.1,11.4,8.2,-12.9,-1.3|0.1,0,0.3,0.8,0.6
ZINF|33.9,2.4,9.6,-46.9,-164.9|2.1,1.9,2.1,2.1,4.3
FUJI|27.6,23.9,25.1,22.9,21.7|0.3,0.2,0.1,0,0
ZFSG|24.7,23.0,11.7,6.3,14.3|0.1,0.2,0.1,0.1,0
ZUAR|15.6,-31.5,2.3,-0.2,-3.9|0,0,0,0.2,0.5
CRNU|41.9,36.2,37.9,29.6,26.8|0,0,0,0,0
ZYLOG|17.2,17.6,21.4,22.5,0.3|0.3,0.3,0.2,0.3,0.3
